# Bins/Trapezoid/Simpson
2 0.32653647 0.00000000
4 0.46911538 0.00000000
6 0.49799398 0.31824906
8 0.50826998 0.41647820
10 0.51305523 0.45783097
12 0.51566222 0.47889596
14 0.51723673 0.49103391
16 0.51825968 0.49865231
18 0.51896148 0.50374310
20 0.51946370 0.50731150
22 0.51983542 0.50990883
24 0.52011821 0.51185782
26 0.52033833 0.51335750
28 0.52051302 0.51453606
30 0.52065396 0.51547900
32 0.52076933 0.51624520
34 0.52086495 0.51687620
36 0.52094508 0.51740203
38 0.52101291 0.51784483
40 0.52107081 0.51822121
